"GeographyCode","QS604EW0001","QS604EW0002","QS604EW0003","QS604EW0004","QS604EW0005","QS604EW0006","QS604EW0007"
"E00021141",88,38,11,27,50,39,11
"E00021143",145,38,11,27,107,92,15
"E00021145",140,33,8,25,107,89,18
"E00021146",253,72,47,25,181,131,50
"E00021147",104,24,6,18,80,69,11
"E00021148",137,28,10,18,109,87,22
"E00021149",116,35,10,25,81,62,19
"E00021150",131,37,6,31,94,81,13
"E00021151",91,41,13,28,50,44,6
"E00021152",131,49,11,38,82,77,5
"E00021153",269,39,19,20,230,161,69
"E00021154",125,56,21,35,69,56,13
"E00021155",278,51,21,30,227,176,51
"E00021156",102,35,10,25,67,53,14
"E00021157",121,54,16,38,67,60,7
"E00021158",91,42,10,32,49,46,3
"E00021159",249,58,17,41,191,169,22
"E00021160",121,43,13,30,78,71,7
"E00021161",203,49,17,32,154,121,33
"E00021162",183,57,14,43,126,100,26
"E00021163",110,32,5,27,78,67,11
"E00021164",104,34,7,27,70,59,11
"E00021165",134,34,14,20,100,85,15
"E00021166",176,46,15,31,130,106,24
"E00021167",154,34,12,22,120,99,21
"E00021168",319,42,15,27,277,202,75
"E00021169",262,42,9,33,220,172,48
"E00021170",180,72,21,51,108,90,18
"E00021171",252,85,27,58,167,133,34
"E00021172",138,49,15,34,89,68,21
"E00021173",177,42,11,31,135,112,23
"E00021174",199,30,4,26,169,129,40
"E00021175",179,49,18,31,130,107,23
"E00021176",163,52,15,37,111,92,19
"E00021177",140,51,15,36,89,72,17
"E00021179",186,37,15,22,149,111,38
"E00021180",179,64,21,43,115,95,20
"E00021181",133,36,14,22,97,74,23
"E00021182",239,41,13,28,198,150,48
"E00021183",179,30,8,22,149,111,38
"E00021184",96,14,3,11,82,64,18
"E00021185",166,51,11,40,115,87,28
"E00021186",145,57,8,49,88,75,13
"E00021187",87,36,10,26,51,42,9
"E00021188",114,43,19,24,71,59,12
"E00021189",144,46,21,25,98,86,12
"E00021190",257,62,14,48,195,157,38
"E00021191",163,56,11,45,107,91,16
"E00021192",116,49,16,33,67,61,6
"E00021193",246,26,11,15,220,152,68
"E00021194",197,84,26,58,113,95,18
"E00021195",150,44,10,34,106,91,15
"E00021196",111,49,14,35,62,49,13
"E00021197",245,47,14,33,198,139,59
"E00021198",110,34,6,28,76,59,17
"E00021199",78,23,10,13,55,46,9
"E00021200",126,49,12,37,77,68,9
"E00021201",136,37,10,27,99,82,17
"E00021202",85,33,9,24,52,41,11
"E00021203",100,36,11,25,64,59,5
"E00021204",163,58,23,35,105,86,19
"E00021205",110,47,16,31,63,57,6
"E00021206",67,34,6,28,33,28,5
"E00021207",189,22,5,17,167,125,42
"E00021208",100,40,8,32,60,55,5
"E00021209",96,36,12,24,60,53,7
"E00021210",121,52,21,31,69,65,4
"E00021211",194,60,24,36,134,110,24
"E00021212",92,49,15,34,43,37,6
"E00021213",140,72,20,52,68,55,13
"E00021214",182,62,23,39,120,98,22
"E00021215",233,60,22,38,173,125,48
"E00021216",128,57,18,39,71,59,12
"E00021217",150,59,20,39,91,71,20
"E00021218",287,46,16,30,241,186,55
"E00021219",134,37,15,22,97,80,17
"E00021220",226,24,6,18,202,156,46
"E00021223",291,32,16,16,259,186,73
"E00021224",217,49,17,32,168,132,36
"E00021225",138,27,2,25,111,92,19
"E00021227",156,33,8,25,123,101,22
"E00021228",158,45,10,35,113,93,20
"E00021229",112,41,8,33,71,58,13
"E00021230",140,19,4,15,121,90,31
"E00021231",107,20,3,17,87,61,26
"E00021235",86,48,17,31,38,35,3
"E00021236",155,43,14,29,112,92,20
"E00021238",288,20,8,12,268,173,95
"E00021239",209,15,9,6,194,135,59
"E00021240",245,22,8,14,223,157,66
"E00021241",206,43,10,33,163,127,36
"E00021243",148,36,9,27,112,95,17
"E00021244",75,28,10,18,47,39,8
"E00021245",94,20,5,15,74,64,10
"E00021246",218,53,14,39,165,137,28
"E00021247",128,60,22,38,68,58,10
"E00021248",134,58,13,45,76,57,19
"E00021249",122,43,9,34,79,66,13
"E00021251",121,30,10,20,91,75,16
"E00021252",207,31,15,16,176,128,48
"E00021253",123,29,11,18,94,77,17
"E00021254",163,16,6,10,147,107,40
"E00021255",163,16,8,8,147,104,43
"E00021256",155,20,7,13,135,102,33
"E00021257",153,25,7,18,128,95,33
"E00021258",126,43,15,28,83,67,16
"E00021259",163,44,11,33,119,102,17
"E00021260",120,33,14,19,87,67,20
"E00021261",124,23,9,14,101,81,20
"E00021262",111,55,14,41,56,51,5
"E00021263",228,49,11,38,179,147,32
"E00021266",176,42,18,24,134,100,34
"E00021267",139,43,9,34,96,79,17
"E00021268",126,40,14,26,86,71,15
"E00021271",176,34,12,22,142,116,26
"E00021272",93,29,9,20,64,54,10
"E00021273",112,39,11,28,73,63,10
"E00021274",158,60,17,43,98,83,15
"E00021275",96,25,8,17,71,58,13
"E00021277",93,27,10,17,66,55,11
"E00021278",67,14,4,10,53,43,10
"E00021279",141,46,13,33,95,81,14
"E00021280",143,41,11,30,102,87,15
"E00021281",289,88,24,64,201,163,38
"E00021282",202,33,10,23,169,128,41
"E00021285",94,9,2,7,85,67,18
"E00021286",157,29,12,17,128,91,37
"E00021287",251,26,8,18,225,159,66
"E00021288",203,12,8,4,191,139,52
"E00021289",103,45,17,28,58,50,8
"E00021290",115,43,8,35,72,61,11
"E00021291",326,30,9,21,296,205,91
"E00021292",105,36,10,26,69,59,10
"E00021294",163,67,24,43,96,81,15
"E00021295",212,46,14,32,166,129,37
"E00021296",226,33,11,22,193,141,52
"E00021297",220,33,11,22,187,149,38
"E00021298",274,38,8,30,236,174,62
"E00021299",239,60,18,42,179,139,40
"E00021300",306,51,19,32,255,176,79
"E00021301",144,58,11,47,86,72,14
"E00021302",231,63,26,37,168,133,35
"E00021303",140,58,18,40,82,74,8
"E00021304",175,55,21,34,120,95,25
"E00021305",158,34,13,21,124,90,34
"E00021306",162,26,11,15,136,98,38
"E00021307",309,63,26,37,246,197,49
"E00021308",206,55,26,29,151,122,29
"E00021309",159,18,3,15,141,109,32
"E00021310",108,34,13,21,74,66,8
"E00021311",131,49,12,37,82,65,17
"E00021312",156,38,13,25,118,98,20
"E00021313",272,60,28,32,212,170,42
"E00021314",225,55,13,42,170,129,41
"E00021315",35,12,7,5,23,21,2
"E00021316",123,43,12,31,80,72,8
"E00021317",190,37,13,24,153,101,52
"E00021318",155,38,8,30,117,101,16
"E00021319",140,39,13,26,101,78,23
"E00021320",146,45,15,30,101,75,26
"E00021321",151,34,16,18,117,90,27
"E00021322",124,41,14,27,83,71,12
"E00021323",128,61,24,37,67,57,10
"E00021324",209,20,5,15,189,150,39
"E00021325",180,37,8,29,143,108,35
"E00021326",156,71,27,44,85,69,16
"E00021327",229,49,18,31,180,139,41
"E00021328",182,75,26,49,107,92,15
"E00021329",147,62,28,34,85,73,12
"E00021330",135,42,14,28,93,85,8
"E00021331",101,38,18,20,63,55,8
"E00021332",142,80,22,58,62,49,13
"E00021333",116,41,8,33,75,69,6
"E00021334",153,52,13,39,101,90,11
"E00021335",197,72,21,51,125,105,20
"E00021336",100,41,15,26,59,44,15
"E00021337",114,58,16,42,56,52,4
"E00021338",130,68,23,45,62,54,8
"E00021339",165,33,11,22,132,113,19
"E00021340",202,38,12,26,164,129,35
"E00021342",107,33,7,26,74,62,12
"E00021344",154,71,21,50,83,78,5
"E00021345",126,55,14,41,71,62,9
"E00021346",106,48,19,29,58,53,5
"E00021347",133,62,17,45,71,59,12
"E00021349",144,61,23,38,83,72,11
"E00021350",117,41,15,26,76,68,8
"E00021351",131,69,19,50,62,51,11
"E00021352",131,48,16,32,83,70,13
"E00021353",95,41,15,26,54,47,7
"E00021354",168,61,19,42,107,93,14
"E00021355",174,19,4,15,155,128,27
"E00021357",102,44,11,33,58,48,10
"E00021359",131,45,10,35,86,75,11
"E00021360",141,71,30,41,70,61,9
"E00021361",109,39,16,23,70,60,10
"E00021363",120,52,20,32,68,60,8
"E00021364",204,74,19,55,130,117,13
"E00021365",135,38,13,25,97,80,17
"E00021366",121,62,20,42,59,51,8
"E00021367",104,35,12,23,69,56,13
"E00021368",143,63,19,44,80,70,10
"E00021369",69,32,9,23,37,32,5
"E00021370",171,72,21,51,99,86,13
"E00021371",45,26,6,20,19,17,2
"E00021372",161,42,10,32,119,98,21
"E00021374",120,64,23,41,56,49,7
"E00021375",121,58,18,40,63,52,11
"E00021376",110,54,20,34,56,48,8
"E00021377",234,72,25,47,162,136,26
"E00021378",173,61,18,43,112,97,15
"E00021379",116,33,9,24,83,72,11
"E00021380",98,22,7,15,76,58,18
"E00021381",125,48,13,35,77,60,17
"E00021382",111,58,16,42,53,46,7
"E00021383",150,50,18,32,100,87,13
"E00021384",171,20,8,12,151,103,48
"E00021385",207,45,10,35,162,131,31
"E00021386",120,48,11,37,72,64,8
"E00021387",256,71,20,51,185,159,26
"E00021388",119,44,13,31,75,59,16
"E00021391",132,50,9,41,82,75,7
"E00021392",185,56,16,40,129,112,17
"E00021393",132,69,22,47,63,57,6
"E00021394",108,45,12,33,63,56,7
"E00021395",90,36,11,25,54,46,8
"E00021396",120,52,15,37,68,58,10
"E00021397",154,67,19,48,87,72,15
"E00021398",198,68,25,43,130,111,19
"E00021399",192,21,9,12,171,99,72
"E00021400",147,46,10,36,101,86,15
"E00021402",119,40,7,33,79,66,13
"E00021404",203,18,5,13,185,110,75
"E00021405",195,68,18,50,127,106,21
"E00021406",142,52,14,38,90,75,15
"E00021407",149,68,22,46,81,70,11
"E00021408",241,30,7,23,211,139,72
"E00021409",219,11,4,7,208,126,82
"E00021410",155,51,22,29,104,82,22
"E00021411",179,47,15,32,132,111,21
"E00021412",183,55,14,41,128,110,18
"E00021413",141,59,13,46,82,67,15
"E00021414",122,59,14,45,63,55,8
"E00021415",136,61,16,45,75,66,9
"E00021416",150,46,13,33,104,88,16
"E00021417",122,36,11,25,86,75,11
"E00021418",165,11,5,6,154,84,70
"E00021419",122,52,9,43,70,62,8
"E00021420",144,22,6,16,122,75,47
"E00021421",174,55,15,40,119,103,16
"E00021422",73,36,8,28,37,34,3
"E00021423",136,59,10,49,77,67,10
"E00021424",170,15,4,11,155,93,62
"E00021425",191,19,8,11,172,98,74
"E00021426",103,41,12,29,62,57,5
"E00021427",178,21,11,10,157,73,84
"E00021428",160,59,17,42,101,85,16
"E00021429",72,20,8,12,52,42,10
"E00021430",104,37,11,26,67,52,15
"E00021431",120,44,17,27,76,66,10
"E00021432",121,48,9,39,73,64,9
"E00021433",304,84,31,53,220,169,51
"E00021434",159,75,19,56,84,67,17
"E00021437",115,35,14,21,80,67,13
"E00021438",68,35,9,26,33,27,6
"E00021439",59,28,13,15,31,30,1
"E00021440",165,77,32,45,88,81,7
"E00021441",185,41,5,36,144,112,32
"E00021442",139,37,14,23,102,81,21
"E00021443",112,29,13,16,83,73,10
"E00021444",132,46,17,29,86,67,19
"E00021445",135,85,39,46,50,46,4
"E00021446",120,57,17,40,63,50,13
"E00021447",185,25,14,11,160,126,34
"E00021448",141,49,13,36,92,80,12
"E00021449",186,47,9,38,139,105,34
"E00021450",105,23,9,14,82,60,22
"E00021451",146,52,10,42,94,82,12
"E00021452",111,36,12,24,75,60,15
"E00021453",153,30,9,21,123,100,23
"E00021454",143,55,20,35,88,79,9
"E00021455",121,47,10,37,74,64,10
"E00021458",210,54,24,30,156,120,36
"E00021459",183,25,9,16,158,128,30
"E00021460",222,54,20,34,168,125,43
"E00021461",127,27,8,19,100,84,16
"E00021462",129,42,16,26,87,65,22
"E00021463",159,45,10,35,114,98,16
"E00021464",136,31,6,25,105,89,16
"E00021465",150,54,16,38,96,75,21
"E00021466",193,119,62,57,74,59,15
"E00021467",119,79,31,48,40,38,2
"E00021468",136,32,8,24,104,90,14
"E00021469",161,65,16,49,96,86,10
"E00021470",102,34,15,19,68,60,8
"E00021471",131,55,15,40,76,62,14
"E00021473",105,52,23,29,53,44,9
"E00021474",151,76,17,59,75,68,7
"E00021475",164,76,33,43,88,70,18
"E00021476",151,61,15,46,90,79,11
"E00021477",241,55,26,29,186,143,43
"E00021478",158,35,11,24,123,97,26
"E00021479",230,76,40,36,154,109,45
"E00021480",195,37,17,20,158,116,42
"E00021481",136,53,18,35,83,71,12
"E00021482",231,64,29,35,167,142,25
"E00021483",333,69,17,52,264,193,71
"E00021484",204,49,22,27,155,121,34
"E00021485",133,57,20,37,76,70,6
"E00021486",143,53,14,39,90,76,14
"E00021487",73,31,8,23,42,33,9
"E00021488",173,64,22,42,109,87,22
"E00021489",111,38,10,28,73,66,7
"E00021490",82,37,9,28,45,38,7
"E00021491",92,55,22,33,37,32,5
"E00021492",120,57,13,44,63,60,3
"E00021493",137,58,19,39,79,75,4
"E00021494",206,82,36,46,124,103,21
"E00021495",213,78,21,57,135,115,20
"E00021496",75,36,12,24,39,36,3
"E00021497",135,63,17,46,72,63,9
"E00021498",117,61,20,41,56,47,9
"E00021499",188,40,13,27,148,97,51
"E00021500",188,38,13,25,150,114,36
"E00021501",115,28,5,23,87,64,23
"E00021502",100,41,11,30,59,54,5
"E00021503",124,64,15,49,60,53,7
"E00021504",150,51,12,39,99,84,15
"E00021505",90,27,8,19,63,59,4
"E00021506",140,45,13,32,95,79,16
"E00021507",177,32,14,18,145,113,32
"E00021508",168,58,16,42,110,84,26
"E00021509",197,86,24,62,111,101,10
"E00021510",154,9,3,6,145,58,87
"E00021511",142,10,5,5,132,39,93
"E00021516",151,27,5,22,124,106,18
"E00021517",177,36,6,30,141,113,28
"E00021518",186,40,10,30,146,107,39
"E00021519",304,46,29,17,258,179,79
"E00021520",146,25,11,14,121,85,36
"E00021521",126,35,10,25,91,70,21
"E00021522",159,46,17,29,113,94,19
"E00021524",257,70,23,47,187,147,40
"E00021525",184,25,3,22,159,126,33
"E00021526",250,18,11,7,232,159,73
"E00021527",203,23,7,16,180,139,41
"E00021528",115,33,10,23,82,65,17
"E00021529",73,14,5,9,59,39,20
"E00021531",208,58,14,44,150,129,21
"E00021532",220,19,8,11,201,140,61
"E00021533",198,19,9,10,179,130,49
"E00021534",180,17,7,10,163,119,44
"E00021535",168,38,14,24,130,99,31
"E00021536",206,23,6,17,183,132,51
"E00021537",254,19,12,7,235,136,99
"E00021538",505,57,21,36,448,299,149
"E00021539",206,23,10,13,183,124,59
"E00021541",171,10,6,4,161,99,62
"E00021542",145,18,2,16,127,94,33
"E00021543",211,18,8,10,193,109,84
"E00021544",143,7,4,3,136,69,67
"E00021546",147,5,1,4,142,69,73
"E00021547",121,33,15,18,88,71,17
"E00021549",156,47,15,32,109,89,20
"E00021550",148,52,22,30,96,80,16
"E00021552",98,37,20,17,61,45,16
"E00021553",111,43,12,31,68,53,15
"E00021554",162,24,5,19,138,113,25
"E00021555",170,43,8,35,127,89,38
"E00021556",213,15,6,9,198,138,60
"E00021557",243,25,5,20,218,155,63
"E00021559",166,33,11,22,133,98,35
"E00021560",176,49,15,34,127,101,26
"E00021561",165,46,24,22,119,100,19
"E00021562",185,47,17,30,138,112,26
"E00021563",153,40,16,24,113,86,27
"E00021564",118,40,14,26,78,69,9
"E00021565",78,24,8,16,54,48,6
"E00021566",192,58,26,32,134,105,29
"E00021567",193,57,26,31,136,97,39
"E00021569",173,50,20,30,123,89,34
"E00021572",172,73,28,45,99,83,16
"E00021574",118,45,15,30,73,64,9
"E00021577",108,42,22,20,66,53,13
"E00021579",128,62,16,46,66,51,15
"E00021580",118,65,14,51,53,48,5
"E00021582",122,50,18,32,72,64,8
"E00021583",137,61,22,39,76,64,12
"E00021584",124,31,11,20,93,72,21
"E00021585",180,78,30,48,102,92,10
"E00021586",163,80,24,56,83,74,9
"E00021587",139,55,12,43,84,79,5
"E00021588",106,51,15,36,55,46,9
"E00021590",115,49,19,30,66,56,10
"E00021591",94,54,15,39,40,37,3
"E00021592",131,39,9,30,92,69,23
"E00021593",73,23,5,18,50,43,7
"E00021594",140,49,15,34,91,76,15
"E00021595",154,46,19,27,108,86,22
"E00021596",204,42,15,27,162,117,45
"E00021597",169,59,16,43,110,96,14
"E00021598",190,23,14,9,167,114,53
"E00021599",249,27,9,18,222,148,74
"E00021600",216,25,10,15,191,126,65
"E00021601",160,22,4,18,138,84,54
"E00021602",235,44,17,27,191,113,78
"E00021603",147,14,3,11,133,71,62
"E00021604",184,36,14,22,148,121,27
"E00021605",210,21,6,15,189,132,57
"E00021606",198,18,9,9,180,94,86
"E00021607",83,32,12,20,51,39,12
"E00021608",162,20,5,15,142,104,38
"E00021610",179,22,5,17,157,95,62
"E00021611",223,36,14,22,187,124,63
"E00021612",167,13,3,10,154,82,72
"E00021613",165,10,5,5,155,94,61
"E00021614",214,21,8,13,193,115,78
"E00021615",174,7,1,6,167,113,54
"E00021616",148,59,17,42,89,70,19
"E00021617",152,21,10,11,131,90,41
"E00021618",84,34,12,22,50,40,10
"E00021619",175,69,13,56,106,86,20
"E00021620",132,31,7,24,101,72,29
"E00021621",108,51,11,40,57,49,8
"E00021622",202,17,6,11,185,105,80
"E00021623",67,26,5,21,41,30,11
"E00021624",226,22,8,14,204,133,71
"E00021625",362,35,17,18,327,194,133
"E00021626",234,14,6,8,220,129,91
"E00021627",286,25,10,15,261,176,85
"E00021628",143,17,4,13,126,84,42
"E00021629",181,25,11,14,156,101,55
"E00021630",137,33,11,22,104,85,19
"E00021631",230,23,8,15,207,146,61
"E00021632",193,15,7,8,178,103,75
"E00021633",168,20,5,15,148,72,76
"E00021634",190,23,5,18,167,105,62
"E00021635",172,11,2,9,161,103,58
"E00021636",128,44,12,32,84,68,16
"E00021637",188,58,14,44,130,104,26
"E00021639",103,43,19,24,60,48,12
"E00021640",147,65,24,41,82,68,14
"E00021641",162,53,18,35,109,85,24
"E00021642",109,56,17,39,53,39,14
"E00021643",97,36,20,16,61,42,19
"E00021644",127,42,13,29,85,67,18
"E00021646",162,70,16,54,92,79,13
"E00021648",164,25,6,19,139,91,48
"E00021649",161,68,24,44,93,79,14
"E00021650",157,24,8,16,133,83,50
"E00021651",181,16,6,10,165,100,65
"E00021652",204,7,2,5,197,105,92
"E00021653",190,90,28,62,100,81,19
"E00021654",126,52,19,33,74,57,17
"E00021655",74,31,9,22,43,37,6
"E00021656",159,53,28,25,106,84,22
"E00021657",164,11,7,4,153,94,59
"E00021658",129,11,4,7,118,62,56
"E00021659",135,36,17,19,99,80,19
"E00021660",121,29,11,18,92,71,21
"E00021661",232,57,26,31,175,136,39
"E00021662",227,89,28,61,138,111,27
"E00021663",100,32,19,13,68,61,7
"E00021665",126,65,20,45,61,50,11
"E00021666",268,67,21,46,201,128,73
"E00021667",146,80,22,58,66,54,12
"E00021668",245,56,31,25,189,134,55
"E00021669",125,65,12,53,60,56,4
"E00021670",117,54,12,42,63,52,11
"E00021671",105,40,13,27,65,55,10
"E00021672",190,42,13,29,148,104,44
"E00021673",128,46,17,29,82,57,25
"E00021674",217,58,22,36,159,123,36
"E00021675",161,82,23,59,79,70,9
"E00021676",231,24,11,13,207,119,88
"E00021677",147,56,19,37,91,76,15
"E00021678",233,50,21,29,183,147,36
"E00021679",87,14,5,9,73,55,18
"E00021680",283,55,27,28,228,129,99
"E00021681",191,16,5,11,175,98,77
"E00021682",211,82,29,53,129,112,17
"E00021683",192,86,32,54,106,79,27
"E00021685",286,70,27,43,216,149,67
"E00021686",244,55,32,23,189,110,79
"E00021687",296,34,12,22,262,165,97
"E00021688",183,57,22,35,126,98,28
"E00021689",241,38,14,24,203,110,93
"E00021690",275,61,25,36,214,157,57
"E00021691",146,50,13,37,96,68,28
"E00021692",202,21,6,15,181,92,89
"E00021693",258,57,12,45,201,132,69
"E00021694",198,63,16,47,135,109,26
"E00021695",233,38,11,27,195,131,64
"E00021696",252,65,24,41,187,126,61
"E00021697",149,44,10,34,105,84,21
"E00021698",204,38,16,22,166,112,54
"E00021699",174,51,19,32,123,102,21
"E00021700",306,63,21,42,243,148,95
"E00021701",277,46,14,32,231,163,68
"E00021702",115,29,5,24,86,73,13
"E00021703",144,34,9,25,110,91,19
"E00021704",190,40,9,31,150,114,36
"E00021705",205,48,10,38,157,128,29
"E00021706",135,42,18,24,93,71,22
"E00021707",178,62,18,44,116,103,13
"E00021708",149,39,18,21,110,89,21
"E00021709",150,56,11,45,94,86,8
"E00021710",130,35,14,21,95,79,16
"E00021711",265,53,22,31,212,156,56
"E00021712",202,39,12,27,163,123,40
"E00021713",109,30,7,23,79,72,7
"E00021714",100,39,13,26,61,49,12
"E00021715",149,56,24,32,93,78,15
"E00021716",108,25,7,18,83,70,13
"E00021717",114,26,7,19,88,71,17
"E00021718",230,48,22,26,182,129,53
"E00021719",72,19,4,15,53,42,11
"E00021722",204,76,26,50,128,109,19
"E00021723",137,29,6,23,108,84,24
"E00021724",178,39,10,29,139,90,49
"E00021725",146,18,6,12,128,83,45
"E00021726",92,36,11,25,56,49,7
"E00021727",84,33,8,25,51,43,8
"E00021728",97,22,12,10,75,58,17
"E00021729",82,26,5,21,56,41,15
"E00021730",154,47,18,29,107,90,17
"E00021731",158,46,10,36,112,91,21
"E00021732",142,37,14,23,105,68,37
"E00021733",332,70,22,48,262,200,62
"E00021734",191,72,28,44,119,96,23
"E00021735",158,64,21,43,94,80,14
"E00021736",158,64,17,47,94,78,16
"E00021737",129,34,6,28,95,68,27
"E00021738",125,50,18,32,75,53,22
"E00021739",176,31,11,20,145,106,39
"E00021740",169,57,16,41,112,94,18
"E00021741",196,9,3,6,187,113,74
"E00021742",252,59,18,41,193,128,65
"E00021743",136,54,23,31,82,58,24
"E00021744",368,37,15,22,331,198,133
"E00021745",89,33,7,26,56,49,7
"E00021746",193,26,8,18,167,110,57
"E00021748",274,83,39,44,191,137,54
"E00021750",139,71,19,52,68,53,15
"E00021752",149,50,18,32,99,84,15
"E00021753",96,44,21,23,52,44,8
"E00021754",68,23,10,13,45,36,9
"E00021755",193,60,25,35,133,106,27
"E00021756",119,22,8,14,97,75,22
"E00021757",83,32,9,23,51,43,8
"E00021758",157,48,18,30,109,93,16
"E00021759",138,67,21,46,71,61,10
"E00021760",111,53,13,40,58,49,9
"E00021761",136,20,12,8,116,92,24
"E00021762",140,50,21,29,90,78,12
"E00021763",156,60,21,39,96,78,18
"E00021764",243,69,32,37,174,142,32
"E00021766",158,39,13,26,119,87,32
"E00021767",120,31,14,17,89,74,15
"E00167078",226,81,47,34,145,98,47
"E00167079",175,11,4,7,164,123,41
"E00167080",169,44,12,32,125,102,23
"E00167081",183,26,15,11,157,108,49
"E00167082",185,23,8,15,162,125,37
"E00167083",144,31,14,17,113,87,26
"E00167084",153,30,9,21,123,100,23
"E00167085",132,27,9,18,105,86,19
"E00167086",188,46,17,29,142,104,38
"E00167087",219,16,7,9,203,138,65
"E00167088",157,20,10,10,137,89,48
"E00167089",115,27,9,18,88,72,16
"E00167090",121,19,6,13,102,81,21
"E00167091",203,33,7,26,170,122,48
"E00167092",174,34,9,25,140,101,39
"E00167093",133,15,4,11,118,73,45
"E00167094",200,23,14,9,177,121,56
"E00167095",133,37,13,24,96,75,21
"E00167096",105,15,8,7,90,56,34
"E00167097",163,18,8,10,145,84,61
"E00167098",117,6,2,4,111,49,62
"E00167099",92,10,3,7,82,39,43
"E00167100",438,30,12,18,408,225,183
"E00167101",205,9,4,5,196,102,94
"E00167102",156,50,17,33,106,68,38
"E00167103",179,8,3,5,171,99,72
"E00167104",179,10,3,7,169,90,79
"E00167105",142,58,16,42,84,73,11
"E00167106",232,21,13,8,211,129,82
"E00167107",136,20,3,17,116,68,48
"E00167108",170,41,13,28,129,105,24
"E00167109",152,18,7,11,134,87,47
"E00167110",161,23,9,14,138,95,43
"E00167111",218,19,9,10,199,127,72
"E00167112",525,51,26,25,474,309,165
"E00167113",169,39,14,25,130,88,42
"E00167114",170,55,24,31,115,92,23
"E00167115",407,48,12,36,359,248,111
"E00167116",111,34,8,26,77,58,19
"E00167117",92,4,2,2,88,65,23
"E00167118",183,14,4,10,169,101,68
"E00167119",170,33,9,24,137,90,47
"E00167120",176,28,9,19,148,108,40
"E00167121",194,9,4,5,185,70,115
"E00167122",140,12,8,4,128,73,55
"E00167123",145,49,15,34,96,86,10
"E00167124",178,32,13,19,146,101,45
"E00167125",118,4,1,3,114,80,34
"E00167126",264,24,7,17,240,165,75
"E00167127",174,17,9,8,157,102,55
"E00167128",94,34,8,26,60,47,13
"E00167129",392,44,14,30,348,200,148
"E00167130",525,59,26,33,466,307,159
"E00167131",48,16,8,8,32,26,6
"E00167132",300,20,6,14,280,160,120
"E00167133",92,21,3,18,71,54,17
"E00167134",180,16,10,6,164,113,51
"E00167135",196,9,4,5,187,113,74
"E00167136",70,23,6,17,47,42,5
"E00167137",172,9,5,4,163,89,74
"E00167138",139,17,3,14,122,80,42
"E00167139",208,17,10,7,191,94,97
"E00167140",144,23,9,14,121,92,29
"E00167141",250,13,4,9,237,162,75
"E00167142",342,24,8,16,318,196,122
"E00167143",150,44,17,27,106,92,14
"E00167144",118,50,16,34,68,59,9
"E00167145",146,16,6,10,130,76,54
"E00167146",222,13,3,10,209,152,57
"E00167147",101,38,15,23,63,49,14
"E00167148",157,5,2,3,152,79,73
"E00167149",108,9,3,6,99,67,32
"E00167150",276,31,8,23,245,190,55
"E00167151",317,19,5,14,298,159,139
"E00167152",121,3,0,3,118,68,50
"E00167153",115,40,14,26,75,47,28
"E00167154",166,15,3,12,151,99,52
"E00167155",224,25,13,12,199,134,65
"E00167156",111,39,9,30,72,62,10
"E00167157",272,18,10,8,254,133,121
"E00167158",201,13,6,7,188,83,105
"E00167159",165,19,10,9,146,70,76
"E00167160",145,41,11,30,104,76,28
"E00167161",99,23,7,16,76,67,9
"E00167162",255,15,7,8,240,164,76
"E00167163",205,26,12,14,179,146,33
"E00167164",58,12,2,10,46,37,9
"E00167165",202,12,4,8,190,122,68
"E00167166",342,33,13,20,309,232,77
"E00167167",226,23,8,15,203,137,66
"E00167168",190,16,7,9,174,104,70
"E00167169",139,40,18,22,99,76,23
"E00167170",123,11,6,5,112,62,50
"E00167171",78,42,15,27,36,31,5
"E00167172",151,26,6,20,125,98,27
"E00167173",147,67,10,57,80,69,11
"E00167174",182,21,7,14,161,86,75
"E00167175",142,16,3,13,126,56,70
"E00167176",230,47,19,28,183,132,51
"E00167177",208,23,4,19,185,117,68
"E00167178",177,30,10,20,147,97,50
"E00167179",192,36,11,25,156,112,44
"E00167180",130,36,13,23,94,79,15
"E00167181",94,20,6,14,74,55,19
"E00167182",53,19,10,9,34,22,12
"E00167183",105,5,4,1,100,57,43
"E00167184",100,21,10,11,79,60,19
"E00167185",88,31,9,22,57,50,7
"E00167186",190,24,10,14,166,113,53
"E00167187",166,31,19,12,135,110,25
"E00167188",249,24,12,12,225,161,64
"E00167189",169,34,18,16,135,95,40
"E00167190",140,22,8,14,118,84,34
"E00167191",189,11,5,6,178,137,41
"E00167192",157,25,12,13,132,102,30
"E00167193",83,27,10,17,56,48,8
"E00167194",149,20,10,10,129,101,28
"E00167195",127,17,3,14,110,81,29
"E00167196",69,17,6,11,52,45,7
"E00167197",119,28,7,21,91,76,15
"E00167198",205,69,27,42,136,114,22
"E00167199",124,16,5,11,108,86,22
"E00167200",166,27,4,23,139,95,44
"E00167201",104,35,7,28,69,61,8
"E00167202",67,22,6,16,45,34,11
"E00167203",182,42,12,30,140,88,52
"E00167204",201,13,7,6,188,128,60
"E00167205",107,35,7,28,72,59,13
"E00167206",146,66,14,52,80,67,13
"E00167207",159,31,9,22,128,95,33
"E00167208",218,19,5,14,199,150,49
"E00167209",219,33,8,25,186,148,38
"E00167210",106,7,0,7,99,65,34
"E00167211",147,57,18,39,90,75,15
"E00167212",102,44,10,34,58,52,6
"E00167213",107,52,18,34,55,48,7
"E00167214",162,45,9,36,117,105,12
"E00167215",180,35,4,31,145,125,20
"E00167216",96,32,6,26,64,52,12
"E00167217",91,34,7,27,57,52,5
"E00167218",158,26,6,20,132,108,24
"E00167219",79,32,10,22,47,36,11
"E00167220",188,18,7,11,170,113,57
"E00167221",171,54,15,39,117,86,31
"E00167222",108,45,10,35,63,54,9
"E00167223",144,48,16,32,96,80,16
"E00167224",117,37,7,30,80,60,20
"E00167225",102,47,11,36,55,47,8
"E00167226",184,15,4,11,169,136,33
"E00167227",165,39,11,28,126,91,35
"E00167228",139,43,14,29,96,80,16
"E00167229",111,36,5,31,75,63,12
"E00167230",163,14,3,11,149,98,51
"E00167231",117,25,11,14,92,72,20
"E00167232",141,21,10,11,120,89,31
"E00167233",118,23,4,19,95,79,16
"E00167234",127,41,9,32,86,75,11
"E00167235",146,70,24,46,76,68,8
"E00167236",148,13,7,6,135,68,67
"E00167237",150,11,8,3,139,78,61
"E00167238",129,46,13,33,83,68,15
"E00167239",70,15,3,12,55,47,8
"E00167240",124,55,17,38,69,63,6
"E00167241",111,59,14,45,52,44,8
"E00167242",115,36,10,26,79,64,15
"E00167243",230,44,22,22,186,129,57
"E00167244",195,33,13,20,162,121,41
"E00167245",173,41,15,26,132,100,32
"E00167246",77,16,6,10,61,51,10
"E00167247",113,13,7,6,100,74,26
"E00167248",281,21,8,13,260,141,119
"E00167249",251,12,6,6,239,111,128
"E00167250",87,43,11,32,44,36,8
"E00167251",193,164,118,46,29,23,6
"E00167252",167,42,14,28,125,105,20
"E00167253",173,38,10,28,135,119,16
"E00167254",68,29,13,16,39,36,3
"E00167255",135,35,16,19,100,82,18
"E00167256",179,24,6,18,155,131,24
"E00167257",222,44,6,38,178,143,35
"E00167258",98,52,19,33,46,44,2
"E00167259",69,30,3,27,39,37,2
"E00167260",156,60,18,42,96,88,8
"E00167261",205,55,20,35,150,108,42
"E00167262",63,7,3,4,56,40,16
"E00167263",155,21,14,7,134,85,49
"E00167264",137,41,18,23,96,81,15
"E00167265",131,50,22,28,81,65,16
"E00167266",156,33,15,18,123,97,26
